.Random.seed <-
c(403L, 10L, -380611890L, -1978425304L, -1401054165L, 711880265L, 
569280344L, -103706106L, 779058145L, -1335043725L, -192374302L, 
201465172L, -951233449L, 1303976013L, -941057052L, 571234762L, 
866295861L, -1530085745L, -1399353450L, -1313451200L, 205200899L, 
1729283105L, -1698191600L, 1578884334L, -1167571815L, 1111707947L, 
-823252966L, -1859902756L, -1565818145L, -1305723723L, -1010378164L, 
-375527774L, 1741229565L, 2086233847L, 33665054L, 1798906584L, 
-579762629L, 1252029401L, -1781743256L, -1162880874L, 117216785L, 
2037149635L, -611388462L, -1905807772L, 642653607L, 344953597L, 
620127988L, -1097813542L, -1452567259L, 1993110591L, 433669062L, 
1229213776L, -974349197L, -1367510895L, -68054848L, 922622622L, 
473560681L, 440927899L, -1851315286L, -356659252L, -1486224753L, 
511765189L, 170541692L, -2067362094L, 304794189L, -1978366201L, 
-987936018L, -1748688952L, 2050253003L, 977568041L, -907323016L, 
-1009389914L, 176249025L, -119639725L, 1239555586L, 1079363380L, 
1254466743L, 118183085L, 460632516L, -1146646038L, 458165845L, 
-1618313233L, -891162634L, 1376626976L, -408271133L, -2105188479L, 
1562601968L, -1288415090L, 902848505L, -379652725L, 1070223802L, 
-797617988L, 1200993279L, -968965803L, 809482860L, -41726270L, 
1036482845L, -673681513L, 2061085438L, -663367496L, 1214134939L, 
-721725191L, 1961740872L, 876057974L, 953853105L, -1489352477L, 
-1912158286L, -756860924L, 450218823L, -227130851L, -1076209516L, 
-846235590L, 225573509L, 1018899295L, -1167301658L, -233312656L, 
237765011L, 1678632497L, -672596768L, 1197395326L, 2135908361L, 
-1698172869L, -1136656886L, 845499884L, 1942504047L, 405245349L, 
1559383388L, -738430670L, 1911820333L, -60985625L, 762004494L, 
1156771304L, -1557514261L, -1335072631L, -404722664L, 176524102L, 
-1202742879L, -470128589L, -1757862494L, 1577197716L, 298256151L, 
-1491554035L, -208791516L, 735242L, -1727648395L, 2108562639L, 
1414516694L, 334712704L, -2018630717L, -1196931743L, 275184592L, 
-1347044562L, -1346279719L, -1660504853L, -2103216806L, -1809717476L, 
1701315103L, -1612062091L, -1039978740L, -145751326L, -404252739L, 
-1983893449L, 1189477086L, -731150824L, 679274875L, -467181287L, 
-1297822296L, 930066774L, -643100207L, -1726164605L, -802377710L, 
-1547246684L, 870929255L, 884369597L, -355233740L, -1814666342L, 
1638690789L, -1279411329L, -2120865018L, -1825864560L, -1473489613L, 
1571517137L, 339048576L, 1458053470L, 1723799209L, 135872859L, 
-725054614L, 801923596L, 1204380239L, 1605537541L, -255408196L, 
-512400750L, -1428977267L, 1819357639L, -717090130L, 1435876104L, 
-212866805L, -814008343L, 238047416L, -1621502106L, -1578486783L, 
394609299L, 655172930L, 803564276L, -920234249L, -630245651L, 
544489860L, 1359105962L, 2095650069L, 1752178607L, -1470779466L, 
1867011552L, -47305437L, 646971969L, 1169124656L, -935401650L, 
651455929L, -1007988789L, 1116963962L, 702453116L, 778137023L, 
577620629L, 603502764L, 1247363714L, -1763194275L, 1593998679L, 
-400539586L, 1532482680L, 2032451419L, 1431866208L, -634186932L, 
1943705568L, 673396642L, -1484077144L, -615535220L, -1239734084L, 
-1669428878L, 624637168L, 1344655428L, 1892696L, 1440523834L, 
746371952L, 686995516L, -1960804588L, -1220106814L, 1910045408L, 
-1449511044L, -705888560L, 1055062178L, 926485544L, 1518159116L, 
918243260L, 525207858L, 1588021696L, -1015870924L, 2120530888L, 
-1094895430L, 732588432L, -841158164L, -748871084L, 631394450L, 
-581193952L, 1480583628L, 1001231840L, 1177695938L, 259703848L, 
-566242644L, -1109195588L, 1658096114L, 2121765168L, -370649948L, 
-2021579080L, 1898691930L, -680364656L, -465857668L, 504367380L, 
1321067330L, -1879745792L, 1840854972L, 2046500688L, -303987934L, 
842734920L, 821955084L, -1706563492L, 2107538642L, 227621376L, 
-1468920492L, 1908029928L, 1706568698L, -593297200L, -233566932L, 
-1872239884L, -1110820462L, 397726816L, -1166498548L, -586001696L, 
1352485218L, 926931624L, -1893088692L, -1297600132L, -1587944142L, 
-1198452624L, 1914816324L, -1734926888L, 876833914L, -1225560528L, 
-183817540L, -2090016940L, -635546558L, 979541408L, 844688060L, 
49347024L, -1963516574L, -672935960L, -467826740L, -520564996L, 
-1877786126L, -1356969856L, -732994316L, -1793685880L, -1676486854L, 
-1579707568L, -1609824660L, -539770732L, -1667550894L, -329842976L, 
-1555803444L, -1108356960L, -1072383102L, -71036184L, 1740190444L, 
-1366614980L, -1087368590L, 1987744880L, -1881348572L, -883882952L, 
-1997826022L, 676469456L, -1851730884L, -40483692L, 2051472514L, 
914212800L, -1308092100L, -1487449456L, 1999752226L, 1367598088L, 
1573832844L, -1110189028L, -63375726L, 1358996608L, 1617375252L, 
-1600355032L, 1838190138L, -677313328L, -1956703124L, -995667276L, 
-1620543470L, -826202144L, 1220333516L, 240365024L, -657654238L, 
2013432104L, 1333195020L, 977241660L, -331919118L, 1170778864L, 
1616753476L, -401253800L, -1108762054L, 247170800L, 240438460L, 
1458875924L, 1930723522L, -1406148512L, 599444860L, 925252816L, 
-865145822L, -1952531800L, -1486143604L, 491239868L, -781138894L, 
1959241536L, -1984595788L, -1482173624L, -1613993286L, 366710544L, 
-1989486356L, 1387164756L, -1652566254L, -597642336L, -1819009076L, 
-853169312L, -846167870L, 1262388776L, 1891177900L, 312438588L, 
-1505689742L, 318821168L, -1040596444L, -400510920L, 758877402L, 
1014694288L, -708839684L, -332656748L, -2022980798L, 881392128L, 
-2120850884L, 2085656144L, 1047966370L, -151635128L, 640252428L, 
-2005078820L, 1126609490L, 2035689600L, 563149652L, -1819700760L, 
1316039418L, 1725339472L, -1678457812L, 1708332404L, 379518610L, 
581958240L, 514085516L, 51440480L, -847580446L, -531646296L, 
-1916931892L, 1719919100L, 1019641778L, -1307167248L, 1689251268L, 
1251301208L, -1146127494L, -503759440L, 712688060L, -1455996844L, 
2133685186L, 300106528L, 270628796L, 611168848L, 467496418L, 
-369659544L, -1092981428L, -1512423172L, -921910542L, -1857302784L, 
1746468468L, -1657618424L, 1253085626L, -387813424L, 1174047212L, 
1828915092L, 701674194L, 2121014880L, 864470348L, -1101896416L, 
1410517851L, 248040876L, 85104058L, -1182141585L, -1182489351L, 
1839643022L, -2013860772L, 1446002381L, 569342519L, -35172160L, 
2057584542L, -2064358293L, 908575725L, -1996061094L, -1894299368L, 
172947073L, 842615859L, 944347732L, -2145849758L, -1374281481L, 
264254273L, -1001592378L, 1032147716L, -96643403L, 924443039L, 
518200824L, 1806300118L, 228576867L, 79990309L, 1369243074L, 
-90950992L, -2140603687L, -1073284021L, -715889988L, 579051754L, 
-394167009L, 657679785L, 1721598782L, -1183326676L, -285184899L, 
1147303623L, 2024386480L, -1596481074L, -998081797L, -1330714275L, 
1096800906L, 990128296L, -1893409775L, -1349268221L, -914964476L, 
1734406194L, 696359047L, 993662161L, -1524838826L, -295141836L, 
-1347390139L, 321042319L, 821895944L, 177218854L, -1672667693L, 
-1921706187L, 1418755730L, -1654519200L, 1205619657L, 1706175227L, 
173200588L, -1462702758L, -100925361L, 398404889L, 497690414L, 
-1794901700L, 1034669741L, -432010921L, -1879676768L, -1561684482L, 
-740415285L, -652233011L, 749208058L, -1735968200L, 955242465L, 
1540001939L, -1574866252L, 897114050L, 1543031767L, -1553390559L, 
806630374L, -1661059356L, 315394581L, -686407105L, 486316504L, 
-1762603018L, 532174851L, -1329204411L, 1135196002L, -660580144L, 
1795417081L, -314196181L, 583081116L, -1545702710L, 208960447L, 
-662407415L, -1691451362L, -1693085236L, 757365661L, 1076590119L, 
481557584L, -938941202L, 1910161819L, 1086994429L, 1643909866L, 
-449002104L, -1988263119L, 168811427L, 607415204L, -97261998L, 
-1246894681L, 1788936689L, -1033980618L, -1511785004L, 389706597L, 
1560853359L, -1788856920L, -357479674L, -53719501L, -1316043627L, 
320003314L, -2024190656L, 2087858857L, -1131463909L, -860582676L, 
1953853690L, 649531695L, 1796302137L, -1602246834L, 1155968412L, 
864087821L, 741140855L, -1611928192L, -821900322L, 891831467L, 
55648173L, -10488806L, 399465176L, -685681855L, -406903821L, 
